PID	Dur	Errors
1	113	0
2	108	0
3	224	1
4	113	0
5	108	0
6	108	0
7	115	0
8	226	1
9	108	0
10	108	0
11	115	0
12	109	0
13	115	0
14	109	0
15	109	0
16	102	0
17	99	0
18	203	1
19	96	0
20	101	0
21	97	0
22	102	0
23	97	0
24	96	0
25	103	0
26	199	1
27	102	0
28	108	0
29	224	1
30	112	0
31	109	0
32	108	0
33	225	1
34	113	0
35	221	1
36	447	3
37	108	0
38	115	0
39	109	0
40	115	0
41	110	0
42	110	0
43	115	0
44	108	0
45	114	0
46	111	0
47	110	0
48	116	0
49	109	0
50	115	0
51	111	0
52	108	0
53	119	0
54	111	0
55	116	0
56	112	0
57	109	0
58	116	0
59	109	0
60	114	0
61	219	1
62	115	0
63	110	0
64	114	0
65	107	0
66	111	0
67	118	0
68	106	0
69	225	1
70	108	0
71	116	0
72	108	0
73	114	0
74	218	1
75	114	0
76	108	0
77	116	0
78	108	0
79	109	0
80	115	0
81	108	0
82	226	1
83	107	0
84	115	0
85	324	2
86	295	2
87	102	0
88	96	0
89	97	0
90	198	1
91	103	0
92	98	0
93	96	0
94	200	1
95	209	1
96	100	0
97	102	0
98	300	2
99	100	0
100	205	1
101	103	0
102	96	0
103	99	0
104	206	1
105	101	0
106	98	0
107	98	0
108	203	1
109	105	0
110	95	0
111	97	0
112	103	0
113	97	0
114	103	0
115	197	1
116	104	0
117	97	0
118	103	0
119	194	1
120	103	0
121	97	0
122	104	0
123	108	0
124	110	0
125	116	0
126	112	0
127	230	1
128	111	0
129	114	0
130	110	0
131	119	0
132	111	0
133	108	0
134	225	1
135	114	0
136	109	0
137	332	2
138	117	0
139	107	0
140	109	0
141	115	0
142	108	0
143	227	1
144	99	0
145	104	0
146	97	0
147	105	0
148	100	0
149	205	1
150	96	0
151	101	0
152	99	0
153	96	0
154	102	0
155	97	0
156	101	0
157	197	1
158	102	0
159	100	0
160	103	0
161	97	0
162	97	0
163	305	2
164	195	1
165	102	0
166	99	0
167	103	0
168	99	0
169	96	0
170	102	0
171	101	0
172	103	0
173	96	0
174	199	1
175	96	0
176	104	0
177	103	0
178	98	0
179	199	1
180	296	2
181	104	0
182	98	0
183	105	0
184	96	0
185	97	0
186	301	2
187	197	1
188	110	0
189	223	1
190	106	0
191	106	0
192	115	0
193	107	0
194	115	0
195	108	0
196	109	0
197	115	0
198	109	0
199	113	0
200	109	0
201	226	1
202	106	0
203	114	0
204	107	0
205	108	0
206	113	0
207	107	0
208	113	0
209	110	0
210	224	1
211	110	0
212	223	1
213	109	0
214	223	1
215	112	0
216	109	0
217	109	0
218	303	2
219	98	0
220	98	0
221	103	0
222	97	0
223	102	0
224	98	0
225	198	1
226	99	0
227	102	0
228	98	0
229	199	1
230	211	1
231	111	0
232	108	0
233	114	0
234	108	0
235	113	0
236	109	0
237	111	0
238	558	4
239	113	0
240	128	0
241	116	0
242	109	0
243	223	1
244	223	1
245	107	0
246	108	0
247	116	0
248	109	0
249	117	0
250	107	0
251	109	0
252	223	1
253	115	0
254	109	0
255	108	0
256	114	0
257	108	0
258	113	0
259	108	0
260	100	0
261	102	0
262	199	1
263	196	1
264	103	0
265	98	0
266	100	0
267	310	2
268	198	1
269	99	0
270	97	0
271	106	0
272	97	0
273	216	1
274	98	0
275	227	1
276	105	0
277	103	0
278	97	0
279	103	0
280	119	0
281	102	0
282	97	0
283	96	0
284	110	0
285	98	0
286	103	0
287	118	0
288	98	0
289	107	0
290	133	0
291	104	0
292	98	0
293	125	0
294	103	0
295	98	0
296	130	0
297	197	1
298	208	1
299	102	0
300	99	0
301	99	0
302	101	0
303	95	0
304	106	0
305	97	0
306	98	0
307	129	0
308	97	0
309	105	0
310	125	0
311	100	0
312	102	0
313	204	1
314	313	2
315	97	0
316	204	1
317	127	0
318	203	1
319	130	0
320	96	0
321	99	0
322	102	0
323	117	0
324	101	0
325	97	0
326	107	0
327	103	0
328	99	0
329	227	1
330	98	0
331	135	0
332	96	0
333	103	0
334	97	0
335	111	0
336	104	0
337	98	0
338	124	0
339	100	0
340	98	0
341	145	0
342	99	0
343	227	1
344	98	0
345	104	0
346	118	0
347	104	0
348	98	0
349	97	0
350	206	1
351	208	1
352	97	0
353	125	0
354	151	0
355	128	0
356	144	0
357	120	0
358	128	0
359	132	0
360	127	0
361	257	1
362	127	0
363	265	1
364	121	0
365	376	2
366	279	1
367	153	0
368	128	0
369	122	0
370	153	0
371	244	1
372	129	0
373	119	0
374	148	0
375	122	0
376	123	0
377	146	0
378	250	1
379	121	0
380	121	0
381	130	0
382	123	0
383	126	0
384	122	0
385	252	1
386	121	0
387	128	0
388	122	0
389	121	0
390	127	0
391	249	1
392	122	0
393	122	0
394	248	1
395	248	1
396	123	0
397	127	0
398	121	0
399	367	2
400	245	1
401	131	0
402	243	1
403	126	0
404	118	0
405	221	1
406	110	0
407	115	0
408	111	0
409	118	0
410	110	0
411	107	0
412	116	0
413	150	0
414	114	0
415	111	0
416	153	0
417	116	0
418	108	0
419	135	0
420	109	0
421	108	0
422	117	0
423	109	0
424	114	0
425	262	1
426	117	0
427	244	1
428	111	0
429	228	1
430	110	0
431	121	0
432	108	0
433	134	0
434	116	0
435	111	0
436	343	2
437	116	0
438	122	0
439	114	0
440	226	1
441	115	0
442	112	0
443	114	0
444	218	1
445	122	0
446	123	0
447	286	1
448	120	0
449	166	0
450	120	0
451	127	0
452	237	1
453	127	0
454	120	0
455	127	0
456	120	0
457	118	0
458	125	0
459	123	0
460	129	0
461	120	0
462	247	1
463	121	0
464	128	0
465	240	1
466	243	1
467	126	0
468	120	0
469	118	0
470	129	0
471	367	2
472	121	0
473	242	1
474	127	0
475	121	0
476	247	1
477	97	0
478	109	0
479	99	0
480	97	0
481	198	1
482	104	0
483	98	0
484	199	1
485	96	0
486	102	0
487	98	0
488	98	0
489	203	1
490	103	0
491	101	0
492	98	0
493	104	0
494	99	0
495	111	0
496	197	1
497	199	1
498	101	0
499	99	0
500	101	0
501	102	0
502	97	0
503	103	0
504	98	0
505	97	0
506	104	0
507	98	0
508	102	0
509	99	0
510	97	0
511	107	0
512	100	0
513	103	0
514	99	0
515	206	1
516	97	0
517	105	0
518	96	0
519	97	0
520	103	0
521	97	0
522	107	0
523	100	0
524	209	1
525	227	1
526	109	0
527	111	0
528	114	0
529	110	0
530	117	0
531	109	0
532	109	0
533	115	0
534	121	0
535	247	1
536	251	1
537	117	0
538	131	0
539	118	0
540	121	0
541	126	0
542	120	0
543	115	0
544	110	0
545	110	0
546	117	0
547	110	0
548	117	0
549	334	2
550	107	0
551	115	0
552	452	3
553	121	0
554	108	0
555	230	1
556	108	0
557	115	0
558	109	0
559	108	0
560	118	0
561	110	0
562	117	0
563	217	1
564	119	0
565	111	0
566	116	0
567	107	0
568	108	0
569	117	0
570	108	0
571	115	0
572	109	0
573	107	0
574	114	0
575	110	0
576	115	0
577	110	0
578	111	0
579	113	0
580	229	1
581	334	2
582	109	0
583	117	0
584	108	0
585	104	0
586	104	0
587	203	1
588	198	1
589	104	0
590	98	0
591	106	0
592	101	0
593	97	0
594	200	1
595	103	0
596	98	0
597	99	0
598	314	2
599	99	0
600	99	0
601	105	0
602	98	0
603	102	0
604	98	0
605	205	1
606	101	0
607	105	0
608	99	0
609	207	1
610	103	0
611	103	0
612	198	1
613	101	0
614	102	0
615	104	0
616	100	0
617	116	0
618	103	0
619	98	0
620	113	0
621	100	0
622	98	0
623	130	0
624	100	0
625	234	1
626	105	0
627	114	0
628	133	0
629	114	0
630	110	0
631	133	0
632	116	0
633	109	0
634	114	0
635	113	0
636	112	0
637	115	0
638	111	0
639	115	0
640	139	0
641	111	0
642	116	0
643	233	1
644	109	0
645	109	0
646	115	0
647	122	0
648	113	0
649	108	0
650	142	0
651	226	1
652	129	0
653	111	0
654	242	1
655	109	0
656	235	1
657	224	1
658	240	1
659	110	0
660	110	0
661	114	0
662	128	0
663	115	0
664	110	0
665	246	1
666	110	0
667	245	1
668	355	2
669	114	0
670	149	0
671	110	0
672	115	0
673	116	0
674	387	2
675	129	0
676	363	2
677	119	0
678	126	0
679	282	1
680	123	0
681	262	1
682	141	0
683	126	0
684	265	1
685	127	0
686	119	0
687	135	0
688	120	0
689	121	0
690	127	0
691	252	1
692	145	0
693	120	0
694	143	0
695	120	0
696	130	0
697	151	0
698	121	0
699	128	0
700	149	0
701	127	0
702	119	0
703	124	0
704	127	0
705	277	1
706	102	0
707	334	2
708	209	1
709	101	0
710	103	0
711	100	0
712	296	1
713	100	0
714	103	0
715	227	1
716	103	0
717	212	1
718	204	1
719	132	0
720	119	0
721	128	0
722	155	0
723	127	0
724	132	0
725	120	0
726	127	0
727	141	0
728	283	1
729	121	0
730	126	0
731	123	0
732	134	0
733	239	1
734	129	0
735	253	1
736	108	0
737	108	0
738	137	0
739	226	1
740	124	0
741	109	0
742	116	0
743	114	0
744	225	1
745	117	0
746	115	0
747	113	0
748	123	0
749	214	1
750	120	0
751	108	0
752	128	0
753	216	1
754	139	0
755	108	0
756	116	0
757	228	1
758	115	0
759	112	0
760	132	0
761	341	2
762	111	0
763	140	0
764	111	0
765	113	0
766	241	1
767	115	0
768	132	0
769	354	2
770	229	1
771	112	0
772	118	0
773	110	0
774	322	2
775	120	0
776	97	0
777	102	0
778	199	1
779	201	1
780	119	0
781	96	0
782	99	0
783	131	0
784	100	0
785	109	0
786	100	0
787	102	0
788	103	0
789	97	0
790	113	0
791	96	0
792	103	0
793	218	1
794	104	0
795	111	0
796	206	1
797	109	0
798	202	1
799	99	0
800	102	0
801	99	0
802	104	0
803	120	0
804	101	0
805	105	0
806	211	1
807	100	0
808	100	0
809	123	0
810	100	0
811	104	0
812	106	0
813	99	0
814	102	0
815	318	2
816	330	2
817	126	0
818	140	0
819	120	0
820	126	0
821	130	0
822	248	1
823	119	0
824	128	0
825	145	0
826	128	0
827	137	0
828	253	1
829	151	0
830	129	0
831	98	0
832	100	0
833	104	0
834	99	0
835	114	0
836	104	0
837	201	1
838	122	0
839	102	0
840	216	1
841	103	0
842	326	2
843	221	1
844	100	0
845	105	0
846	132	0
847	101	0
848	103	0
849	103	0
850	105	0
851	101	0
852	97	0
853	203	1
854	104	0
855	100	0
856	98	0
857	326	2
858	213	1
859	105	0
860	100	0
861	127	0
862	100	0
863	99	0
864	237	1
865	105	0
866	127	0
867	96	0
868	108	0
869	225	1
870	98	0
871	123	0
872	103	0
873	97	0
874	105	0
875	98	0
876	207	1
877	119	0
878	104	0
879	97	0
880	119	0
881	106	0
882	99	0
883	132	0
884	193	1
885	119	0
886	96	0
887	102	0
888	114	0
889	105	0
890	115	0
891	121	0
892	118	0
893	109	0
894	123	0
895	115	0
896	108	0
897	134	0
898	340	2
899	110	0
900	115	0
901	228	1
902	114	0
903	117	0
904	224	1
905	123	0
906	114	0
907	109	0
908	117	0
909	108	0
910	110	0
911	141	0
912	108	0
913	115	0
914	256	1
915	115	0
916	221	1
917	108	0
918	356	2
919	143	0
920	109	0
921	109	0
922	134	0
923	107	0
924	117	0
925	107	0
926	108	0
927	113	0
928	303	1
929	122	0
930	110	0
931	118	0
932	108	0
933	123	0
934	108	0
935	110	0
936	273	1
937	171	0
938	159	0
939	111	0
940	111	0
941	127	0
942	114	0
943	253	1
944	120	0
945	108	0
946	128	0
947	107	0
948	110	0
949	105	0
950	405	3
951	100	0
952	105	0
953	101	0
954	97	0
955	229	1
956	106	0
957	104	0
958	97	0
959	118	0
960	103	0
961	96	0
962	115	0
963	100	0
964	99	0
965	137	0
966	97	0
967	108	0
968	105	0
969	98	0
970	236	1
971	107	0
972	100	0
973	128	0
974	207	1
975	106	0
976	108	0
977	97	0
978	109	0
979	106	0
980	108	0
981	98	0
982	99	0
983	130	0
984	98	0
985	103	0
986	128	0
987	100	0
988	105	0
989	228	1
990	101	0
991	130	0
992	104	0
993	99	0
994	105	0
995	99	0
996	97	0
997	121	0
998	97	0
999	202	1
1000	311	2
1001	136	0
1002	100	0
1003	219	1
1004	214	1
1005	296	1
1006	143	0
1007	111	0
1008	116	0
1009	133	0
1010	113	0
1011	114	0
1012	130	0
1013	338	2
1014	231	1
1015	124	0
1016	106	0
1017	104	0
1018	116	0
1019	106	0
1020	114	0
1021	116	0
1022	106	0
1023	112	0
1024	114	0
1025	217	1
1026	116	0
1027	114	0
1028	108	0
1029	119	0
1030	107	0
1031	113	0
1032	142	0
1033	111	0
1034	114	0
1035	138	0
1036	107	0
1037	121	0
1038	127	0
1039	117	0
1040	111	0
1041	130	0
1042	116	0
1043	113	0
1044	121	0
1045	109	0
1046	249	1
1047	111	0
1048	115	0
1049	116	0
1050	247	1
1051	209	1
1052	100	0
1053	96	0
1054	131	0
1055	99	0
1056	200	1
1057	136	0
1058	106	0
1059	97	0
1060	107	0
1061	97	0
1062	230	1
1063	437	3
1064	208	1
1065	105	0
1066	333	2
1067	98	0
1068	107	0
1069	113	0
1070	98	0
1071	102	0
1072	125	0
1073	103	0
1074	96	0
1075	210	1
1076	99	0
1077	103	0
1078	103	0
1079	97	0
1080	101	0
1081	137	0
1082	102	0
1083	98	0
1084	126	0
1085	104	0
1086	97	0
1087	119	0
1088	99	0
1089	206	1
1090	231	1
1091	98	0
1092	111	0
1093	199	1
1094	207	1
1095	96	0
1096	106	0
1097	110	0
1098	106	0
1099	97	0
1100	231	1
1101	100	0
1102	213	1
1103	99	0
1104	103	0
1105	120	0
1106	208	1
1107	99	0
1108	206	1
1109	107	0
1110	105	0
1111	98	0
1112	102	0
1113	121	0
1114	105	0
1115	101	0
1116	108	0
1117	102	0
1118	98	0
1119	136	0
1120	99	0
1121	209	1
1122	97	0
1123	103	0
1124	234	1
1125	103	0
1126	232	1
1127	96	0
1128	99	0
1129	107	0
1130	318	2
1131	114	0
1132	101	0
1133	100	0
1134	138	0
1135	98	0
1136	99	0
1137	316	2
1138	98	0
1139	119	0
1140	105	0
1141	355	2
1142	109	0
1143	147	0
1144	339	2
1145	106	0
1146	115	0
1147	110	0
1148	116	0
1149	244	1
1150	223	1
1151	241	1
1152	107	0
1153	265	1
1154	112	0
1155	130	0
1156	108	0
1157	116	0
1158	127	0
1159	116	0
1160	224	1
1161	113	0
1162	110	0
1163	112	0
1164	212	1
1165	122	0
1166	106	0
1167	114	0
1168	113	0
1169	109	0
1170	250	1
1171	113	0
1172	120	0
1173	125	0
1174	127	0
1175	122	0
1176	126	0
1177	123	0
1178	144	0
1179	128	0
1180	140	0
1181	128	0
1182	120	0
1183	119	0
1184	257	1
1185	125	0
1186	120	0
1187	122	0
1188	145	0
1189	119	0
1190	126	0
1191	136	0
1192	119	0
1193	126	0
1194	130	0
1195	127	0
1196	120	0
1197	113	0
1198	117	0
1199	107	0
1200	122	0
1201	108	0
1202	111	0
1203	224	1
1204	114	0
1205	138	0
1206	107	0
1207	115	0
1208	109	0
1209	116	0
1210	110	0
1211	111	0
1212	122	0
1213	109	0
1214	119	0
1215	120	0
1216	243	1
1217	109	0
1218	115	0
1219	235	1
1220	114	0
1221	127	0
1222	114	0
1223	109	0
1224	130	0
1225	114	0
1226	111	0
1227	124	0
1228	217	1
1229	124	0
1230	107	0
1231	114	0
1232	223	1
1233	131	0
1234	100	0
1235	105	0
1236	98	0
1237	105	0
1238	105	0
1239	98	0
1240	148	0
1241	96	0
1242	240	1
1243	309	2
1244	297	2
1245	299	2
1246	107	0
1247	305	2
1248	97	0
1249	200	1
1250	103	0
1251	113	0
1252	96	0
1253	229	1
1254	102	0
1255	201	1
1256	102	0
1257	311	2
1258	97	0
1259	104	0
1260	97	0
1261	139	0
1262	100	0
1263	99	0
1264	128	0
1265	201	1
1266	142	0
1267	100	0
1268	101	0
1269	101	0
1270	198	1
1271	98	0
1272	101	0
1273	96	0
1274	103	0
1275	96	0
1276	125	0
1277	103	0
1278	97	0
1279	141	0
1280	98	0
1281	97	0
1282	135	0
1283	98	0
1284	104	0
1285	124	0
1286	98	0
1287	102	0
1288	212	1
1289	97	0
1290	98	0
1291	103	0
1292	105	0
1293	103	0
1294	230	1
1295	102	0
1296	98	0
1297	105	0
1298	100	0
1299	199	1
1300	98	0
1301	105	0
1302	99	0
1303	125	0
1304	103	0
1305	97	0
1306	107	0
1307	117	0
1308	202	1
1309	97	0
1310	241	1
1311	153	0
1312	127	0
1313	120	0
1314	138	0
1315	120	0
1316	131	0
1317	127	0
1318	120	0
1319	148	0
1320	122	0
1321	151	0
1322	129	0
1323	263	1
1324	122	0
1325	272	1
1326	271	1
1327	124	0
1328	141	0
1329	127	0
1330	120	0
1331	130	0
1332	121	0
1333	120	0
1334	137	0
1335	121	0
1336	284	1
1337	122	0
1338	130	0
1339	270	1
1340	121	0
1341	121	0
1342	159	0
1343	118	0
1344	145	0
1345	120	0
1346	119	0
1347	126	0
1348	121	0
1349	103	0
1350	98	0
1351	203	1
1352	99	0
1353	101	0
1354	112	0
1355	202	1
1356	114	0
1357	105	0
1358	98	0
1359	100	0
1360	110	0
1361	99	0
1362	211	1
1363	100	0
1364	103	0
1365	229	1
1366	98	0
1367	225	1
1368	98	0
1369	129	0
1370	96	0
1371	321	2
1372	105	0
1373	115	0
1374	97	0
1375	103	0
1376	98	0
1377	113	0
1378	199	1
1379	118	0
1380	328	2
1381	200	1
1382	205	1
1383	96	0
1384	95	0
1385	102	0
1386	98	0
1387	105	0
1388	105	0
1389	98	0
1390	102	0
1391	110	0
1392	107	0
1393	95	0
1394	97	0
1395	105	0
1396	95	0
1397	100	0
1398	108	0
1399	105	0
1400	115	0
1401	109	0
1402	130	0
1403	108	0
1404	108	0
1405	120	0
1406	108	0
1407	134	0
1408	109	0
1409	108	0
1410	115	0
1411	135	0
1412	344	2
1413	225	1
1414	137	0
1415	216	1
1416	128	0
1417	110	0
1418	115	0
1419	121	0
1420	108	0
1421	238	1
1422	116	0
1423	113	0
1424	97	0
1425	105	0
1426	99	0
1427	131	0
1428	98	0
1429	100	0
1430	220	1
1431	103	0
1432	146	0
1433	321	2
1434	105	0
1435	98	0
1436	98	0
1437	135	0
1438	99	0
1439	105	0
1440	130	0
1441	98	0
1442	225	1
1443	134	0
1444	275	1
1445	127	0
1446	120	0
1447	249	1
1448	119	0
1449	135	0
1450	119	0
1451	144	0
1452	120	0
1453	120	0
1454	145	0
1455	120	0
1456	255	1
1457	119	0
1458	129	0
1459	134	0
1460	128	0
1461	371	2
1462	120	0
1463	138	0
1464	120	0
1465	119	0
1466	127	0
1467	118	0
1468	245	1
1469	119	0
1470	245	1
1471	128	0
1472	121	0
1473	121	0
1474	127	0
1475	119	0
1476	128	0
1477	121	0
1478	121	0
1479	125	0
1480	138	0
1481	132	0
1482	108	0
1483	349	2
1484	266	1
1485	109	0
1486	221	1
1487	114	0
1488	107	0
1489	108	0
1490	112	0
1491	109	0
1492	221	1
1493	107	0
1494	113	0
1495	109	0
1496	225	1
1497	107	0
1498	223	1
1499	113	0
1500	108	0
1501	108	0
1502	113	0
1503	252	1
1504	110	0
1505	124	0
1506	227	1
1507	228	1
1508	111	0
1509	113	0
1510	108	0
1511	113	0
1512	108	0
1513	263	1
1514	110	0
1515	115	0
1516	114	0
1517	224	1
1518	110	0
1519	113	0
1520	111	0
1521	106	0
1522	113	0
1523	106	0
1524	115	0
1525	110	0
1526	111	0
1527	113	0
1528	110	0
1529	115	0
1530	125	0
1531	263	1
1532	345	2
1533	121	0
1534	128	0
1535	120	0
1536	132	0
1537	121	0
1538	123	0
1539	245	1
1540	127	0
1541	243	1
1542	246	1
1543	127	0
1544	120	0
1545	120	0
1546	127	0
1547	143	0
1548	248	1
1549	135	0
1550	105	0
1551	203	1
1552	110	0
1553	97	0
1554	104	0
1555	107	0
1556	101	0
1557	96	0
1558	141	0
1559	104	0
1560	99	0
1561	205	1
1562	203	1
1563	214	1
1564	101	0
1565	99	0
1566	130	0
1567	97	0
1568	104	0
1569	152	0
1570	97	0
1571	109	0
1572	95	0
1573	129	0
1574	96	0
1575	98	0
1576	101	0
1577	98	0
1578	208	1
1579	109	0
1580	116	0
1581	108	0
1582	366	2
1583	138	0
1584	229	1
1585	108	0
1586	110	0
1587	170	0
1588	234	1
1589	220	1
1590	116	0
1591	163	0
1592	235	1
1593	224	0
1594	366	1
1595	224	1
1596	224	1
1597	253	1
1598	219	1
1599	113	0
1600	108	0
1601	240	1
1602	238	1
1603	143	0
1604	118	0
1605	104	0
1606	107	0
1607	114	0
1608	106	0
1609	109	0
1610	96	0
1611	95	0
1612	140	0
1613	99	0
1614	102	0
1615	96	0
1616	98	0
1617	101	0
1618	99	0
1619	220	1
1620	302	2
1621	104	0
1622	97	0
1623	98	0
1624	118	0
1625	97	0
1626	101	0
1627	128	0
1628	98	0
1629	102	0
1630	104	0
1631	105	0
1632	99	0
1633	97	0
1634	212	1
1635	103	0
1636	128	0
1637	98	0
1638	102	0
1639	116	0
1640	103	0
1641	96	0
1642	123	0
1643	106	0
1644	99	0
1645	139	0
1646	97	0
1647	97	0
1648	127	0
1649	97	0
1650	103	0
1651	115	0
1652	97	0
1653	103	0
1654	221	1
1655	98	0
1656	122	0
1657	127	0
1658	121	0
1659	164	0
1660	119	0
1661	119	0
1662	131	0
1663	265	1
1664	120	0
1665	121	0
1666	145	0
1667	123	0
1668	128	0
1669	119	0
1670	119	0
1671	127	0
1672	138	0
1673	127	0
1674	268	1
1675	259	1
1676	126	0
1677	141	0
1678	248	1
1679	145	0
1680	128	0
1681	264	1
1682	129	0
1683	153	0
1684	128	0
1685	120	0
1686	134	0
1687	129	0
1688	117	0
1689	134	0
1690	122	0
1691	139	0
1692	252	1
1693	144	0
1694	120	0
1695	142	0
1696	126	0
1697	120	0
1698	143	0
1699	245	1
1700	241	1
1701	116	0
1702	119	0
1703	107	0
1704	116	0
1705	111	0
1706	116	0
1707	108	0
1708	110	0
1709	222	1
1710	125	0
1711	106	0
1712	107	0
1713	137	0
1714	108	0
1715	244	1
1716	108	0
1717	115	0
1718	114	0
1719	113	0
1720	244	1
1721	226	1
1722	132	0
1723	108	0
1724	110	0
1725	226	1
1726	114	0
1727	109	0
1728	109	0
1729	114	0
1730	230	1
1731	110	0
1732	117	0
1733	228	1
1734	132	0
1735	110	0
