85
76
77
77
77
78
78
78
79
78
79
77
77
77
76
80
76
75
76
79
76
80
79
79
77
76
78
77
81
79
78
79
93
91
91
91
92
92
90
92
89
92
93
91
92
95
92
96
90
92
95
92
91
93
92
93
91
91
94
92
91
93
92
91
93
92
92
91
92
90
91
91
93
90
92
91
91
94
91
91
93
92
93
93
93
92
91
91
91
90
93
93
91
91
93
92
93
91
88
92
92
92
91
91
92
93
91
93
89
92
93
90
91
94
92
93
92
92
91
93
91
91
92
91
92
93
92
93
92
90
93
93
92
92
91
92
92
88
90
94
92
92
94
92
91
92
91
92
91
91
93
91
92
92
94
92
91
92
93
93
93
93
92
92
93
89
93
91
92
78
77
75
78
77
77
78
78
75
77
79
77
77
77
80
78
79
78
76
77
77
76
76
76
80
77
80
76
78
76
77
79
78
77
78
77
79
77
77
84
86
83
86
83
84
84
84
85
85
84
84
85
86
86
85
83
84
83
85
84
85
86
86
83
84
84
86
83
85
84
87
85
87
86
80
77
80
77
78
78
75
79
79
77
80
76
79
80
79
78
78
77
79
77
74
73
74
75
73
76
76
79
79
75
75
77
77
77
78
79
79
79
78
80
77
77
79
78
77
77
77
78
79
76
78
78
77
76
76
77
78
77
77
75
79
77
76
78
78
76
75
78
77
78
76
76
78
76
77
78
78
78
78
92
90
91
90
92
91
92
93
90
91
91
92
91
90
91
94
92
93
92
92
91
92
92
93
94
88
90
94
93
92
91
96
93
91
92
91
88
92
92
94
91
93
92
91
84
85
84
83
85
82
83
84
84
83
86
87
84
84
84
85
85
85
84
83
85
88
86
86
84
83
85
84
86
86
83
87
84
85
84
87
84
85
85
86
84
85
84
84
88
85
83
85
83
86
84
87
84
82
82
79
85
84
84
84
84
85
84
84
86
85
84
87
84
85
84
86
86
84
85
82
85
85
84
84
82
89
88
85
85
83
86
85
85
86
86
83
83
83
92
87
83
86
85
87
86
87
83
85
85
83
86
84
91
83
83
82
85
85
83
86
84
86
84
86
85
83
83
85
86
83
86
86
82
84
85
84
83
82
83
84
83
84
83
87
82
82
83
84
93
82
80
81
85
84
84
96
82
85
85
97
83
86
82
96
84
89
85
83
84
86
91
84
84
84
84
84
127
85
86
87
104
84
84
87
110
87
85
83
113
86
82
86
91
85
85
84
85
94
84
84
82
85
85
85
82
84
83
84
83
84
83
83
81
82
76
77
82
79
80
76
78
76
75
77
76
79
88
76
75
77
78
77
77
75
77
98
76
76
76
116
76
76
77
76
89
77
76
76
117
77
76
76
87
76
76
77
128
76
76
78
76
83
76
78
75
84
77
78
76
116
76
76
76
89
74
77
78
106
76
77
89
99
90
90
91
91
91
92
94
91
90
90
92
90
90
91
92
89
89
89
91
93
90
91
90
91
92
91
108
92
91
110
89
91
89
129
89
90
90
98
98
94
90
88
90
90
83
108
84
85
82
108
84
83
82
90
83
83
85
114
83
83
83
98
85
82
84
98
83
83
95
85
86
87
124
83
83
82
95
83
84
82
79
76
76
76
106
75
75
76
99
74
76
77
94
74
78
77
83
77
75
77
99
82
83
82
83
98
84
85
84
87
83
84
83
92
85
86
84
84
84
90
92
102
90
92
107
91
93
90
107
90
92
90
105
91
92
89
101
90
95
115
90
91
91
101
90
90
90
119
89
90
110
89
92
91
90
94
92
93
91
93
93
91
118
92
92
101
94
92
92
92
83
83
84
95
84
83
83
86
83
83
85
102
83
82
95
82
85
86
103
83
85
83
102
84
85
82
96
85
82
86
86
85
84
83
91
87
89
114
83
84
82
90
88
85
89
85
85
84
85
96
86
88
109
84
85
89
94
88
90
93
83
85
83
85
93
85
84
83
94
86
85
86
86
86
90
96
90
92
94
96
90
90
95
91
91
90
125
90
93
117
90
91
90
112
93
91
91
92
92
92
112
92
78
81
83
80
78
81
79
76
79
78
84
80
77
76
76
78
84
83
84
82
97
85
84
98
87
83
83
108
78
77
76
103
79
77
76
82
75
75
76
76
80
77
76
77
77
92
75
76
78
104
75
76
79
107
76
75
77
108
75
77
76
75
78
77
79
83
77
76
77
76
87
76
78
78
87
77
77
79
79
95
82
77
79
87
76
84
76
110
77
77
77
95
76
76
77
89
78
75
76
88
77
90
90
127
90
91
91
90
89
91
90
113
91
90
104
89
89
89
120
90
91
95
90
91
95
117
90
90
110
91
90
91
122
90
90
104
91
91
89
95
85
86
85
98
84
84
99
83
85
85
84
100
83
85
110
83
83
84
88
85
84
83
93
83
86
85
96
85
85
83
88
83
83
84
94
83
83
87
102
82
83
85
102
84
84
83
106
83
83
82
102
83
84
83
84
83
84
83
87
83
84
83
87
83
84
92
84
85
83
114
84
87
83
101
77
75
77
100
75
77
79
102
76
76
78
75
76
76
77
75
76
76
77
77
74
75
77
78
76
76
81
76
77
77
79
78
76
77
81
81
78
82
110
75
81
78
96
77
75
83
106
76
77
77
81
75
76
76
82
77
80
79
93
78
78
76
75
78
79
76
76
78
91
77
75
78
99
83
83
84
95
83
83
84
111
86
87
85
109
83
84
83
84
84
85
91
83
83
82
105
83
83
84
106
84
84
84
88
82
83
83
91
84
82
84
83
94
86
85
112
85
83
83
96
84
83
85
97
83
84
83
106
85
83
107
85
85
84
85
82
97
94
85
90
89
81
81
83
88
84
88
87
84
82
77
76
77
75
74
76
75
76
76
77
87
77
77
77
77
75
76
76
76
77
78
76
76
80
75
78
77
76
76
77
76
77
77
78
76
77
85
76
77
75
76
75
77
76
80
77
76
77
76
75
75
75
77
78
78
78
76
76
79
82
76
77
76
80
76
78
76
77
76
76
77
76
75
76
76
78
80
78
76
78
87
83
86
84
81
84
83
84
84
82
82
81
84
82
83
85
86
82
84
76
75
76
80
77
76
77
75
77
76
76
79
77
75
77
76
80
75
76
78
77
75
77
77
76
76
77
75
77
78
78
76
76
75
77
77
76
76
76
77
77
77
78
77
77
77
89
78
76
77
77
76
77
76
77
78
75
77
77
77
77
77
77
74
77
76
77
76
77
77
76
77
76
76
78
77
79
81
83
85
84
84
94
85
85
85
83
84
83
81
84
84
84
90
86
83
87
82
84
87
83
88
88
83
83
84
83
84
85
87
84
88
86
87
84
88
82
87
88
87
83
83
82
76
95
77
80
76
75
77
80
77
76
77
78
76
77
79
77
83
79
78
79
80
80
78
77
82
76
78
76
77
77
79
76
79
79
76
80
80
76
77
76
78
80
85
88
87
84
81
86
83
83
86
83
85
84
82
84
86
82
83
86
84
86
82
83
86
101
86
86
88
111
86
85
106
84
82
88
83
84
87
85
82
87
84
88
82
87
86
85
95
83
83
96
87
84
82
84
86
85
83
89
86
86
84
84
83
86
84
83
86
85
83
83
85
83
84
85
84
83
83
85
86
90
92
92
92
92
91
91
91
95
92
91
89
90
93
92
92
91
91
90
125
92
92
128
91
91
91
122
90
92
90
93
91
91
117
91
92
91
105
91
91
116
91
91
91
92
91
93
92
116
91
91
92
90
93
90
107
89
91
92
106
91
91
107
83
84
82
99
83
84
83
104
83
84
82
114
83
84
83
89
83
83
81
84
99
83
84
83
100
83
87
85
94
83
83
84
118
83
84
85
109
87
86
84
94
84
87
86
82
99
82
84
82
105
84
84
83
93
84
83
84
84
83
83
84
92
85
83
97
84
85
82
85
96
84
85
85
94
81
83
84
83
83
82
97
83
84
87
97
80
78
76
79
75
78
76
77
103
76
77
75
84
76
76
76
75
77
76
78
76
103
76
76
77
89
76
77
77
89
77
76
75
109
77
76
78
81
76
78
77
76
78
77
74
78
77
106
77
76
77
89
77
75
77
101
77
77
75
119
77
77
78
76
107
76
77
76
76
86
75
77
76
112
77
76
77
102
91
91
92
100
91
92
134
90
91
106
90
91
91
105
90
91
109
90
93
90
124
91
92
109
93
91
93
93
92
93
106
90
91
91
96
90
93
91
91
91
91
89
98
91
93
91
108
110
90
90
89
94
83
83
83
95
83
83
83
94
82
101
83
83
84
93
84
84
83
95
84
82
83
107
83
83
83
103
83
82
83
100
82
84
85
110
76
79
75
92
77
79
77
82
90
90
77
76
92
77
76
83
110
77
77
79
95
77
76
76
76
81
76
75
80
112
74
78
77
91
75
74
76
77
76
76
75
75
79
77
77
75
92
77
76
76
77
91
83
83
83
87
84
82
84
98
83
84
83
92
86
84
85
83
85
84
84
84
84
85
85
86
87
85
84
85
86
85
84
82
85
84
84
85
86
85
84
105
83
84
85
109
83
83
87
87
84
86
91
86
84
84
85
105
85
83
78
94
77
78
77
79
76
77
76
77
88
77
77
77
77
76
76
77
75
76
76
77
76
94
76
76
76
74
78
78
78
79
76
82
77
77
79
81
76
77
77
79
76
80
76
84
76
75
77
79
79
75
80
80
76
83
76
79
78
78
78
77
77
76
76
89
75
74
76
76
78
78
82
76
74
76
80
76
75
73
75
77
75
74
76
82
82
83
84
82
86
82
82
83
84
89
83
84
83
84
84
83
83
101
83
84
84
109
84
83
84
86
85
84
84
84
88
83
83
83
95
83
88
103
84
85
84
108
84
84
83
92
85
83
83
88
84
83
83
90
84
84
84
87
83
83
84
85
86
84
85
100
84
83
84
100
84
83
83
86
83
84
83
102
84
83
83
116
82
83
85
92
83
77
78
98
76
77
77
77
94
76
76
77
93
77
76
81
113
77
77
75
107
76
79
76
77
93
77
78
77
83
76
77
76
117
77
75
77
112
79
85
84
87
84
84
115
84
85
86
107
88
87
82
89
85
85
83
96
85
83
102
86
85
84
111
84
83
82
86
83
82
84
101
84
82
85
109
84
84
87
93
83
84
84
112
83
83
84
104
82
83
85
85
84
86
78
92
77
75
77
97
77
76
77
77
76
78
76
76
86
77
75
76
111
75
77
76
76
78
80
75
79
82
76
77
75
75
95
77
75
76
76
77
77
77
76
95
75
76
77
75
89
75
77
75
81
76
77
77
99
78
76
78
85
76
78
77
94
77
78
77
77
102
77
75
75
103
75
77
77
110
77
77
76
99
76
77
76
88
82
84
84
94
84
89
84
104
86
85
100
85
84
84
88
84
85
83
84
101
82
84
84
101
82
84
85
85
83
83
84
117
82
84
83
90
83
83
82
83
83
84
85
87
83
84
84
84
99
82
82
84
105
82
84
84
88
83
85
83
83
83
84
84
84
105
83
84
102
83
85
83
86
85
83
87
83
91
83
82
84
87
83
84
86
84
83
83
87
117
84
84
90
83
86
84
112
85
83
85
96
83
86
86
123
83
84
84
93
82
85
84
83
82
85
85
122
85
83
87
83
87
85
101
85
84
82
90
84
85
84
111
82
83
84
106
82
85
93
82
83
84
121
84
83
83
104
83
83
83
84
92
84
85
84
86
97
84
83
83
116
83
83
83
86
83
83
84
102
83
83
85
109
85
83
84
84
85
83
82
74
77
104
76
76
80
101
77
76
77
77
76
77
77
76
115
76
75
77
93
79
77
75
80
76
77
75
89
77
76
76
76
89
76
76
76
84
75
78
77
87
76
76
76
115
77
74
77
76
86
78
75
76
77
101
77
76
78
83
76
76
75
104
76
77
83
83
96
84
82
85
94
81
83
83
84
83
84
102
86
84
83
84
100
82
85
84
116
82
84
83
91
83
84
83
84
83
84
83
85
88
84
82
84
85
83
82
94
82
84
82
100
83
83
84
116
84
85
84
84
83
81
86
97
83
89
84
86
84
84
86
97
90
90
104
91
92
92
100
91
91
126
93
96
102
91
91
97
117
91
94
122
90
94
91
101
91
91
91
104
90
93
93
90
92
90
118
90
93
109
91
91
90
100
88
88
89
89
90
90
92
115
90
90
106
82
92
82
108
82
82
83
93
83
83
82
115
91
91
97
89
91
92
99
90
91
92
103
91
90
112
89
91
91
104
89
90
93
91
89
92
112
89
91
106
91
91
92
91
90
91
91
90
93
91
91
