PID	Dur	Errors
1	128	0
2	122	0
3	255	1
4	131	0
5	117	0
6	124	0
7	129	0
8	123	0
9	127	0
10	121	0
11	124	0
12	131	0
13	111	0
14	114	0
15	111	0
16	230	1
17	109	0
18	115	0
19	112	0
20	113	0
21	116	0
22	112	0
23	119	0
24	111	0
25	111	0
26	117	0
27	109	0
28	118	0
29	111	0
30	232	1
31	226	1
32	110	0
33	109	0
34	116	0
35	111	0
36	117	0
37	226	1
38	225	1
39	227	1
40	112	0
41	119	0
42	450	3
43	113	0
44	110	0
45	115	0
46	115	0
47	113	0
48	117	0
49	110	0
50	117	0
51	110	0
52	108	0
53	343	2
54	109	0
55	227	1
56	338	2
57	105	0
58	107	0
59	102	0
60	106	0
61	99	0
62	207	1
63	102	0
64	212	1
65	98	0
66	105	0
67	97	0
68	104	0
69	201	1
70	107	0
71	101	0
72	103	0
73	99	0
74	98	0
75	104	0
76	207	1
77	99	0
78	204	1
79	204	1
80	101	0
81	100	0
82	205	1
83	106	0
84	101	0
85	203	1
86	301	2
87	98	0
88	105	0
89	102	0
90	109	0
91	100	0
92	103	0
93	104	0
94	99	0
95	103	0
96	102	0
97	304	2
98	107	0
99	98	0
100	207	1
101	97	0
102	114	0
103	122	0
104	122	0
105	132	0
106	122	0
107	130	0
108	121	0
109	124	0
110	128	0
111	122	0
112	128	0
113	120	0
114	123	0
115	128	0
116	251	1
117	122	0
118	125	0
119	252	1
120	129	0
121	122	0
122	122	0
123	250	1
124	129	0
125	120	0
126	121	0
127	130	0
128	120	0
129	130	0
130	121	0
131	251	1
132	123	0
133	128	0
134	122	0
135	255	1
136	126	0
137	128	0
138	123	0
139	252	1
140	369	2
141	119	0
142	251	1
143	129	0
144	247	1
145	128	0
146	128	0
147	249	1
148	121	0
149	130	0
150	122	0
151	128	0
152	129	0
153	126	0
154	213	1
155	162	0
156	179	0
157	112	0
158	104	0
159	99	0
160	110	0
161	102	0
162	104	0
163	204	1
164	109	0
165	99	0
166	206	1
167	99	0
168	106	0
169	217	1
170	102	0
171	99	0
172	106	0
173	199	1
174	103	0
175	100	0
176	110	0
177	208	1
178	210	1
179	107	0
180	417	3
181	216	1
182	101	0
183	107	0
184	102	0
185	105	0
186	100	0
187	304	2
188	206	1
189	100	0
190	107	0
191	101	0
192	115	0
193	110	0
194	111	0
195	118	0
196	114	0
197	117	0
198	109	0
199	343	2
200	120	0
201	111	0
202	230	1
203	109	0
204	115	0
205	111	0
206	110	0
207	228	1
208	117	0
209	110	0
210	112	0
211	227	1
212	119	0
213	222	1
214	116	0
215	339	2
216	111	0
217	228	1
218	229	1
219	109	0
220	117	0
221	112	0
222	118	0
223	112	0
224	230	1
225	110	0
226	117	0
227	112	0
228	109	0
229	119	0
230	229	1
231	108	0
232	110	0
233	234	1
234	119	0
235	112	0
236	111	0
237	116	0
238	110	0
239	227	1
240	109	0
241	116	0
242	231	1
243	219	1
244	119	0
245	111	0
246	116	0
247	117	0
248	110	0
249	119	0
250	108	0
251	230	1
252	228	1
253	229	1
254	110	0
255	112	0
256	344	2
257	224	1
258	117	0
259	111	0
260	115	0
261	111	0
262	111	0
263	103	0
264	205	1
265	103	0
266	103	0
267	108	0
268	102	0
269	209	1
270	102	0
271	325	2
272	102	0
273	103	0
274	108	0
275	100	0
276	108	0
277	101	0
278	101	0
279	106	0
280	102	0
281	107	0
282	201	1
283	105	0
284	99	0
285	303	2
286	105	0
287	208	1
288	409	3
289	106	0
290	103	0
291	100	0
292	205	1
293	205	1
294	104	0
295	208	1
296	209	1
297	102	0
298	107	0
299	101	0
300	208	1
301	104	0
302	102	0
303	225	1
304	125	0
305	250	1
306	373	2
307	123	0
308	249	1
309	254	1
310	251	1
311	251	1
312	372	2
313	123	0
314	129	0
315	123	0
316	122	0
317	131	0
318	371	2
319	120	0
320	131	0
321	121	0
322	251	1
323	254	1
324	403	3
325	103	0
326	203	1
327	306	2
328	99	0
329	106	0
330	98	0
331	98	0
332	106	0
333	210	1
334	97	0
335	97	0
336	109	0
337	101	0
338	106	0
339	100	0
340	204	1
341	99	0
342	106	0
343	97	0
344	101	0
345	105	0
346	204	1
347	102	0
348	101	0
349	209	1
350	305	2
351	104	0
352	101	0
353	313	2
354	208	1
355	104	0
356	204	1
357	105	0
358	99	0
359	107	0
360	101	0
361	412	3
362	224	1
363	116	0
364	112	0
365	117	0
366	109	0
367	334	2
368	225	1
369	111	0
370	119	0
371	226	1
372	110	0
373	230	1
374	101	0
375	103	0
376	98	0
377	203	1
378	100	0
379	207	1
380	98	0
381	201	1
382	104	0
383	300	2
384	100	0
385	205	1
386	410	3
387	102	0
388	101	0
389	109	0
390	104	0
391	106	0
392	100	0
393	305	2
394	106	0
395	98	0
396	99	0
397	207	1
398	206	1
399	100	0
400	204	1
401	105	0
402	99	0
403	96	0
404	107	0
405	203	1
406	102	0
407	99	0
408	106	0
409	204	1
410	201	1
411	105	0
412	215	1
413	111	0
414	107	0
415	118	0
416	113	0
417	119	0
418	219	1
419	117	0
420	111	0
421	117	0
422	113	0
423	112	0
424	344	2
425	111	0
426	110	0
427	118	0
428	112	0
429	117	0
430	108	0
431	111	0
432	227	1
433	116	0
434	110	0
435	112	0
436	225	1
437	118	0
438	123	0
439	120	0
440	128	0
441	122	0
442	131	0
443	246	1
444	130	0
445	123	0
446	131	0
447	242	1
448	251	1
449	131	0
450	120	0
451	122	0
452	129	0
453	125	0
454	128	0
455	123	0
456	123	0
457	128	0
458	122	0
459	259	1
460	247	1
461	122	0
462	133	0
463	123	0
464	122	0
465	131	0
466	126	0
467	129	0
468	246	1
469	252	1
470	128	0
471	119	0
472	123	0
473	130	0
474	120	0
475	132	0
476	117	0
477	116	0
478	249	1
479	129	0
480	122	0
481	122	0
482	131	0
483	248	1
484	120	0
485	122	0
486	129	0
487	121	0
488	130	0
489	122	0
490	255	1
491	122	0
492	130	0
493	121	0
494	257	1
495	124	0
496	253	1
497	123	0
498	251	1
499	255	1
500	122	0
501	129	0
502	252	1
503	122	0
504	125	0
505	129	0
506	122	0
507	130	0
508	122	0
509	253	1
510	248	1
511	245	1
512	132	0
513	99	0
514	204	1
515	208	1
516	98	0
517	206	1
518	99	0
519	206	1
520	104	0
521	99	0
522	101	0
523	205	1
524	105	0
525	200	1
526	105	0
527	98	0
528	107	0
529	220	1
530	117	0
531	111	0
532	120	0
533	112	0
534	113	0
535	119	0
536	340	2
537	227	1
538	112	0
539	119	0
540	113	0
541	108	0
542	226	1
543	117	0
544	109	0
545	109	0
546	118	0
547	232	1
548	106	0
549	106	0
550	224	1
551	119	0
552	110	0
553	110	0
554	117	0
555	121	0
556	120	0
557	222	1
558	117	0
559	111	0
560	116	0
561	109	0
562	230	1
563	108	0
564	229	1
565	111	0
566	118	0
567	218	1
568	98	0
569	102	0
570	104	0
571	100	0
572	106	0
573	101	0
574	204	1
575	99	0
576	104	0
577	100	0
578	96	0
579	108	0
580	202	1
581	101	0
582	202	1
583	202	1
584	100	0
585	99	0
586	106	0
587	99	0
588	106	0
589	100	0
590	305	2
591	105	0
592	99	0
593	98	0
594	107	0
595	101	0
596	104	0
597	102	0
598	102	0
599	105	0
600	100	0
601	106	0
602	200	1
603	103	0
604	100	0
605	106	0
606	98	0
607	101	0
608	105	0
609	99	0
610	104	0
611	102	0
612	98	0
613	105	0
614	99	0
615	107	0
616	99	0
617	205	1
618	101	0
619	107	0
620	101	0
621	102	0
622	108	0
623	208	1
624	99	0
625	101	0
626	104	0
627	101	0
628	106	0
629	99	0
630	101	0
631	105	0
632	98	0
633	204	1
634	99	0
635	203	1
636	106	0
637	100	0
638	205	1
639	329	2
640	110	0
641	117	0
642	225	1
643	342	2
644	219	1
645	199	1
646	208	1
647	105	0
648	101	0
649	98	0
650	207	1
651	204	1
652	101	0
653	204	1
654	106	0
655	199	1
656	106	0
657	102	0
658	105	0
659	98	0
660	208	1
661	99	0
662	103	0
663	99	0
664	101	0
665	108	0
666	101	0
667	105	0
668	205	1
669	107	0
670	101	0
671	105	0
672	98	0
673	102	0
674	106	0
675	102	0
676	104	0
677	98	0
678	308	2
679	107	0
680	101	0
681	100	0
682	202	1
683	106	0
684	99	0
685	302	2
686	108	0
687	204	1
688	207	1
689	103	0
690	222	1
691	499	3
692	120	0
693	252	1
694	251	1
695	125	0
696	130	0
697	124	0
698	374	2
699	385	2
700	122	0
701	123	0
702	130	0
703	251	1
704	243	1
705	251	1
706	131	0
707	114	0
708	98	0
709	104	0
710	101	0
711	104	0
712	101	0
713	100	0
714	207	1
715	307	2
716	105	0
717	101	0
718	206	1
719	99	0
720	105	0
721	102	0
722	104	0
723	100	0
724	206	1
725	99	0
726	204	1
727	202	1
728	102	0
729	204	1
730	104	0
731	207	1
732	105	0
733	103	0
734	100	0
735	110	0
736	204	1
737	99	0
738	102	0
739	106	0
740	121	0
741	127	0
742	121	0
743	126	0
744	254	1
745	129	0
746	245	1
747	252	1
748	129	0
749	243	1
750	128	0
751	250	1
752	118	0
753	123	0
754	129	0
755	250	1
756	123	0
757	124	0
758	129	0
759	251	1
760	120	0
761	122	0
762	129	0
763	122	0
764	350	2
765	229	1
766	116	0
767	110	0
768	227	1
769	112	0
770	117	0
771	215	1
772	227	1
773	119	0
774	111	0
775	112	0
776	117	0
777	109	0
778	117	0
779	109	0
780	111	0
781	225	1
782	117	0
783	110	0
784	340	2
785	118	0
786	110	0
787	110	0
788	117	0
789	100	0
790	105	0
791	99	0
792	206	1
793	100	0
794	205	1
795	205	1
796	103	0
797	105	0
798	100	0
799	97	0
800	104	0
801	99	0
802	108	0
803	100	0
804	513	4
805	101	0
806	106	0
807	101	0
808	205	1
809	207	1
810	99	0
811	210	1
812	102	0
813	108	0
814	99	0
815	108	0
816	100	0
817	98	0
818	107	0
819	100	0
820	108	0
821	338	2
822	110	0
823	228	1
824	113	0
825	230	1
826	228	1
827	227	1
828	109	0
829	118	0
830	109	0
831	110	0
832	120	0
833	109	0
834	120	0
835	222	1
836	230	1
837	117	0
838	112	0
839	110	0
840	117	0
841	230	1
842	341	2
843	237	1
844	449	3
845	118	0
846	111	0
847	112	0
848	116	0
849	225	1
850	111	0
851	111	0
852	116	0
853	109	0
854	116	0
855	111	0
856	112	0
857	117	0
858	108	0
859	117	0
860	111	0
861	109	0
862	224	1
863	118	0
864	113	0
865	109	0
866	227	1
867	306	2
868	203	1
869	103	0
870	203	1
871	105	0
872	206	1
873	195	1
874	108	0
875	99	0
876	204	1
877	304	2
878	106	0
879	103	0
880	101	0
881	107	0
882	203	1
883	307	2
884	206	1
885	99	0
886	100	0
887	105	0
888	102	0
889	106	0
890	100	0
891	103	0
892	104	0
893	99	0
894	109	0
895	100	0
896	202	1
897	100	0
898	208	1
899	99	0
900	202	1
901	205	1
902	102	0
903	106	0
904	100	0
905	107	0
906	101	0
907	305	2
908	109	0
909	302	2
910	99	0
911	202	1
912	98	0
913	106	0
914	101	0
915	108	0
916	101	0
917	100	0
918	104	0
919	100	0
920	105	0
921	99	0
922	100	0
923	104	0
924	100	0
925	109	0
926	99	0
927	99	0
928	108	0
929	100	0
930	106	0
931	101	0
932	123	0
933	248	1
934	250	1
935	121	0
936	128	0
937	121	0
938	130	0
939	374	2
940	123	0
941	502	3
942	124	0
943	129	0
944	122	0
945	123	0
946	130	0
947	121	0
948	250	1
949	121	0
950	132	0
951	121	0
952	128	0
953	246	1
954	250	1
955	130	0
956	102	0
957	100	0
958	105	0
959	99	0
960	106	0
961	197	1
962	104	0
963	204	1
964	101	0
965	98	0
966	103	0
967	407	3
968	106	0
969	99	0
970	204	1
971	101	0
972	108	0
973	124	0
974	131	0
975	121	0
976	123	0
977	130	0
978	124	0
979	129	0
980	121	0
981	121	0
982	133	0
983	122	0
984	129	0
985	375	2
986	124	0
987	130	0
988	121	0
989	123	0
990	130	0
991	123	0
992	130	0
993	121	0
994	123	0
995	129	0
996	122	0
997	128	0
998	370	2
999	120	0
1000	128	0
1001	121	0
1002	251	1
1003	123	0
1004	131	0
1005	245	1
1006	130	0
1007	123	0
1008	128	0
1009	122	0
1010	125	0
1011	126	0
1012	225	1
1013	111	0
1014	111	0
1015	118	0
1016	227	1
1017	341	2
1018	109	0
1019	117	0
1020	110	0
1021	231	1
1022	110	0
1023	115	0
1024	111	0
1025	112	0
1026	226	1
1027	116	0
1028	115	0
1029	109	0
1030	120	0
1031	110	0
1032	117	0
1033	114	0
1034	110	0
1035	135	0
1036	251	1
1037	245	1
1038	252	1
1039	131	0
1040	242	1
1041	248	1
1042	251	1
1043	123	0
1044	129	0
1045	121	0
1046	250	1
1047	374	2
1048	249	1
1049	252	1
1050	120	0
1051	131	0
1052	123	0
1053	122	0
1054	357	2
1055	112	0
1056	341	2
1057	117	0
1058	220	1
1059	116	0
1060	225	1
1061	223	1
1062	117	0
1063	225	1
1064	110	0
1065	114	0
1066	119	0
1067	111	0
1068	118	0
1069	110	0
1070	109	0
1071	117	0
1072	228	1
1073	220	1
1074	225	1
1075	231	1
1076	112	0
1077	118	0
1078	225	1
1079	219	1
1080	345	2
1081	111	0
1082	113	0
1083	120	0
1084	111	0
1085	117	0
1086	110	0
1087	109	0
1088	226	1
1089	120	0
1090	112	0
1091	109	0
1092	117	0
1093	109	0
1094	233	1
1095	111	0
1096	119	0
1097	112	0
1098	118	0
1099	108	0
1100	112	0
1101	117	0
1102	113	0
1103	224	1
1104	111	0
1105	119	0
1106	111	0
1107	116	0
1108	113	0
1109	343	2
1110	119	0
1111	110	0
1112	112	0
1113	117	0
1114	110	0
1115	120	0
1116	108	0
1117	227	1
1118	461	3
1119	120	0
1120	349	2
1121	236	1
1122	115	0
1123	121	0
1124	225	1
1125	357	2
1126	346	2
1127	113	0
1128	122	0
1129	228	1
1130	119	0
1131	118	0
1132	132	0
1133	253	1
1134	131	0
1135	124	0
1136	132	0
1137	129	0
1138	124	0
1139	132	0
1140	381	2
1141	123	0
1142	132	0
1143	245	1
1144	117	0
1145	124	0
1146	134	0
1147	257	1
1148	124	0
1149	123	0
1150	257	1
1151	131	0
1152	249	1
1153	257	1
1154	132	0
1155	125	0
1156	126	0
1157	512	3
1158	124	0
1159	132	0
1160	123	0
1161	512	3
1162	125	0
1163	132	0
1164	249	1
1165	134	0
1166	236	1
1167	113	0
1168	114	0
1169	469	3
1170	114	0
1171	354	2
1172	113	0
1173	114	0
1174	120	0
1175	114	0
1176	226	1
1177	110	0
1178	234	1
1179	122	0
1180	113	0
1181	111	0
1182	127	0
1183	112	0
1184	237	1
1185	234	1
1186	112	0
1187	120	0
1188	113	0
1189	114	0
1190	236	1
1191	347	2
1192	119	0
1193	114	0
1194	120	0
1195	114	0
1196	112	0
1197	119	0
1198	112	0
1199	130	0
1200	117	0
1201	111	0
1202	233	1
1203	120	0
1204	115	0
1205	114	0
1206	123	0
1207	207	1
1208	204	1
1209	108	0
1210	315	2
1211	315	2
1212	109	0
1213	208	1
1214	111	0
1215	414	3
1216	108	0
1217	105	0
1218	419	3
1219	100	0
1220	109	0
1221	102	0
1222	104	0
1223	113	0
1224	214	1
1225	104	0
1226	103	0
1227	108	0
1228	101	0
1229	107	0
1230	102	0
1231	101	0
1232	210	1
1233	108	0
1234	105	0
1235	102	0
1236	320	2
1237	206	1
1238	532	4
1239	108	0
1240	101	0
1241	107	0
1242	104	0
1243	102	0
1244	253	1
1245	133	0
1246	128	0
1247	124	0
1248	134	0
1249	124	0
1250	132	0
1251	249	1
1252	261	1
1253	256	1
1254	124	0
1255	136	0
1256	124	0
1257	133	0
1258	118	0
1259	112	0
1260	356	2
1261	114	0
1262	113	0
1263	120	0
1264	116	0
1265	123	0
1266	223	1
1267	234	1
1268	118	0
1269	113	0
1270	113	0
1271	239	1
1272	234	1
1273	116	0
1274	119	0
1275	115	0
1276	119	0
1277	113	0
1278	113	0
1279	118	0
1280	113	0
1281	349	2
1282	123	0
1283	349	2
1284	232	1
1285	113	0
1286	121	0
1287	112	0
1288	115	0
1289	122	0
1290	103	0
1291	209	1
1292	104	0
1293	113	0
1294	103	0
1295	113	0
1296	106	0
1297	104	0
1298	109	0
1299	102	0
1300	109	0
1301	99	0
1302	104	0
1303	109	0
1304	214	1
1305	103	0
1306	102	0
1307	113	0
1308	115	0
1309	117	0
1310	108	0
1311	115	0
1312	120	0
1313	113	0
1314	465	3
1315	114	0
1316	118	0
1317	114	0
1318	232	1
1319	114	0
1320	121	0
1321	115	0
1322	112	0
1323	120	0
1324	113	0
1325	121	0
1326	115	0
1327	115	0
1328	121	0
1329	113	0
1330	120	0
1331	113	0
1332	123	0
1333	120	0
1334	232	1
1335	116	0
1336	112	0
1337	120	0
1338	114	0
1339	120	0
1340	115	0
1341	232	1
1342	114	0
1343	121	0
1344	112	0
1345	117	0
1346	120	0
1347	115	0
1348	122	0
1349	114	0
1350	114	0
1351	121	0
1352	113	0
1353	121	0
1354	114	0
1355	114	0
1356	119	0
1357	232	1
1358	115	0
1359	348	2
1360	124	0
1361	113	0
1362	112	0
1363	121	0
1364	112	0
1365	242	1
1366	115	0
1367	120	0
1368	111	0
1369	355	2
1370	118	0
1371	110	0
1372	116	0
1373	224	1
1374	118	0
1375	109	0
1376	120	0
1377	128	0
1378	112	0
1379	349	2
1380	109	0
1381	110	0
1382	119	0
1383	226	1
1384	223	1
1385	235	1
1386	120	0
1387	222	1
1388	345	2
1389	223	1
1390	116	0
1391	113	0
1392	346	2
1393	118	0
1394	340	2
1395	224	1
1396	108	0
1397	115	0
1398	221	1
1399	119	0
1400	229	1
1401	223	1
1402	117	0
1403	115	0
1404	120	0
1405	225	1
1406	119	0
1407	112	0
1408	118	0
1409	114	0
1410	461	3
1411	110	0
1412	112	0
1413	120	0
1414	115	0
1415	118	0
1416	112	0
1417	111	0
1418	117	0
1419	232	1
1420	111	0
1421	111	0
1422	126	0
1423	106	0
1424	306	2
1425	105	0
1426	99	0
1427	103	0
1428	200	1
1429	106	0
1430	100	0
1431	104	0
1432	103	0
1433	100	0
1434	311	2
1435	102	0
1436	313	2
1437	104	0
1438	100	0
1439	106	0
1440	106	0
1441	102	0
1442	104	0
1443	99	0
1444	206	1
1445	100	0
1446	107	0
1447	105	0
1448	102	0
1449	105	0
1450	100	0
1451	106	0
1452	101	0
1453	102	0
1454	105	0
1455	102	0
1456	347	2
1457	128	0
1458	122	0
1459	133	0
1460	121	0
1461	122	0
1462	383	2
1463	246	1
1464	241	1
1465	117	0
1466	110	0
1467	111	0
1468	116	0
1469	231	1
1470	111	0
1471	112	0
1472	129	0
1473	123	0
1474	256	1
1475	254	1
1476	121	0
1477	507	3
1478	123	0
1479	130	0
1480	123	0
1481	255	1
1482	125	0
1483	380	2
1484	130	0
1485	119	0
1486	128	0
1487	128	0
1488	124	0
1489	130	0
1490	144	0
1491	130	0
1492	122	0
1493	251	1
1494	125	0
1495	632	4
1496	130	0
1497	122	0
1498	123	0
1499	131	0
1500	125	0
1501	130	0
1502	130	0
1503	254	1
1504	109	0
1505	108	0
1506	103	0
1507	105	0
1508	107	0
1509	204	1
1510	200	1
1511	107	0
1512	102	0
1513	106	0
1514	100	0
1515	102	0
1516	110	0
1517	101	0
1518	104	0
1519	104	0
1520	104	0
1521	109	0
1522	101	0
1523	419	3
1524	102	0
1525	208	1
1526	101	0
1527	106	0
1528	123	0
1529	131	0
1530	125	0
1531	124	0
1532	388	2
1533	125	0
1534	123	0
1535	129	0
1536	122	0
1537	131	0
1538	376	2
1539	123	0
1540	252	1
1541	126	0
1542	253	1
1543	131	0
1544	122	0
1545	124	0
1546	132	0
1547	124	0
1548	370	2
1549	131	0
1550	123	0
1551	130	0
1552	122	0
1553	253	1
1554	123	0
1555	130	0
1556	244	1
1557	128	0
1558	122	0
1559	253	1
1560	626	4
1561	121	0
1562	129	0
1563	119	0
1564	129	0
1565	123	0
1566	252	1
1567	121	0
1568	130	0
1569	123	0
1570	123	0
1571	128	0
1572	116	0
1573	120	0
1574	112	0
1575	111	0
1576	460	3
1577	229	1
1578	371	2
1579	121	0
1580	130	0
